10022751
10022755
10073515
10096261
10101295
10190398
10190648
10206083
10208643
10223777
10233211
10334805
10340921
10340923
10411572
10434486
10448083
10471060
10471063
10509530
10511062
10511065
10544257
10579481
10583026
10594793
10626755
10636265
10639689
10653220
10671908
10683861
10710136
10716719
10774635
10824636
10831022
10850391
10880412
10901705
10942177
10961881
10975602
10999835
11007831
11027924
11041319
11046127
11069321
11127854
11186138
11207001
11208681
11222464
11240974
11240980
11270921
11278503
11311507
11318841
1136859
11380317
11434512
11446878
11452243
11470994
11474773
11505219
11543734
11552922
11557918
11560558
11593098
11595402
11668219
11672906
11682257
11697464
11741249
11753271
11753272
11756990
11779172
11785712
11791895
11791898
11802100
11812719
11817517
11823760
11823761
11829201
11849656
11875364
11907712
11910301
11913730
11926893
11929404
11933204
11936707
11953843
11954942
11966680
11990381
12010835
12012142
12042667
12042669
12057029
12065207
12065557
12082589
12095536
12107620
12121503
12123234
12142782
12152005
12152006
12185559
12189368
12190096
12191703
12202670
12325023
123467
12356937
12359989
12360109
12374640
12386647
12392308
12414349
12419790
12421483
12422998
12425480
12436350
12439227
12445030
12451290
12476327
12477776
12485958
12496751
12507820
12544511
12544691
12545140
12563174
12576843
12651805
12656699
12662378
12663600
12668920
12694072
12695469
12728290
12732846
12746736
12759288
12784098
12809821
12811365
12811367
12814461
12832683
12844134
12844135
12844136
12844137
12847678
12848631
12873589
12891229
12893983
12893985
12895196
12919180
12919186
12920202
12921807
12955294
12960748
12966368
12969965
1396201
14499311
14515060
1451721
14520122
14521618
14534524
14534525
14553962
14570538
14578760
14583680
14586389
14624186
14624403
14625131
14638340
14646691
14652237
14652703
14653835
14653957
14659971
14676821
14687173
14695703
14700505
14729419
14747421
14765194
15001971
15007088
1505152
15052272
15057902
15073101
15083067
15089809
15094935
15116053
15118073
15121303
15122075
15128047
15128048
15136504
15148588
15149890
15167702
15179405
15179414
15180166
15188945
15197523
15203796
15205367
15226090
15226679
15233837
15249972
15260906
15262185
15265511
15274037
15280927
15282200
15284534
15284537
15289788
15289789
1531950
15322419
15337646
15349717
15358623
15447734
15453913
15457444
1546384
15467211
15470328
15475735
15483195
15499191
15502717
15526248
15533655
15536456
15548849
15554460
15564877
15564883
15565110
15565299
15570193
15590749
15592323
15592325
15603879
15604153
15606441
15608561
15614026
15618746
15630486
15632378
15634941
15650881
15668854
15687340
15692831
15694263
15694942
15695296
15707415
15710002
15714076
15715938
15722458
15726636
15728438
15729081
15729180
15731591
15742978
15743363
15764711
15773232
15775779
15784872
15788353
15790782
15795539
15805193
15808586
15812265
15825040
15830237
15834068
15855489
15857428
15861035
15861037
15864112
15864113
15864128
15864131
15883587
15888487
15900015
15903128
15906019
15918040
15919447
15930419
15932363
15952098
15963082
15976989
15980104
15993850
16002074
16003289
16007002
16020596
16021435
16024198
16034444
16041240
16044105
16081343
16082688
16084854
16094537
16103896
16115483
16123753
16123758
16127283
16129989
16133961
16146556
16153401
16158080
16160068
16181985
16182270
16182272
16198652
16201835
16202677
16220110
16236141
16249748
16249913
16267764
16270629
16283274
16299241
16302021
16319918
16321621
16322642
16338280
16355344
16386926
16392089
16401468
16402128
16413245
16415111
16421475
16424824
16432637
16433808
16433869
16458487
16462575
16463153
16467099
16495778
16501005
16508157
16513443
16515395
16531626
16542858
16543980
1655344
16572443
16580768
16580898
16580900
16580902
16581111
16583408
16595916
16604300
16607077
16610939
16611310
16611750
16628701
16636344
16642436
16676068
16699986
16702979
16707601
16719544
16720636
16722833
16753003
16753004
16758348
16763825
16765146
16769602
16778723
16788380
16797284
16815313
16815314
16815316
16815317
16815318
16815679
16819548
16822601
16833023
16847664
16849011
16857630
16863547
16869811
16871067
16871470
16874005
16875718
16876132
16879459
16890574
16890579
16906016
16906017
16906020
16909270
16911680
16911688
16912869
16917677
16920476
16937451
16940139
16947783
16951398
16952495
16960700
16961627
16979018
17001291
17001296
17008591
17011540
17015050
17015051
17015052
17018806
17023870
17030231
17032130
17047484
17047488
17047492
17049058
17049586
17064846
17092969
17105675
17108811
17110455
17111199
17111267
17112802
17112810
17112811
17123473
17148966
17156920
17164591
17164697
17175164
17178264
17178265
17178266
17178267
17178268
17180579
17183730
17185998
17186005
17190370
17192506
17192769
17194903
17203168
17215846
17220563
17223085
17234366
17235330
17242628
17261659
17265061
17267622
17283289
17295875
17306068
17324110
17324111
17325736
17329852
17329985
17337040
17339868
17343250
17356468
17361120
17370067
17387222
17391324
17392730
17404720
17404734
17430486
17431185
17439512
17439540
17460029
17460606
17460607
17467803
17467808
17473847
17495880
17496726
17501853
17502774
17503482
17503984
17512587
17517247
17519421
17522595
17537913
17541557
17554244
17559344
17563401
17563839
17568401
17577039
17585213
17588543
17596133
17602083
17610534
17621383
17627617
17635182
17645482
17652833
17667795
17667796
17667959
17673491
17687269
17693647
17698328
17699831
17704420
17715206
17721180
17724700
17725248
17725594
17761710
17761971
17764479
17764537
17803873
17828532
17851566
17872605
17875118
17885551
17909004
17913323
17914325
17918089
17931083
17934830
17941052
17948872
17955230
17965519
17968817
17978999
17986163
17989110
18004205
18021343
18025780
18030307
18050121
18050183
18055561
18057928
18070221
18167504
18182069
18183038
18195729
18200436
18204343
18204346
18212800
18214456
18214865
18221820
18234403
18241283
18245543
18250228
18250251
18253134
18256692
18261733
18285551
18292785
18300238
18303965
18305455
18308786
18317231
18322281
18322994
18325643
18334103
18334918
18334919
18335219
18341670
18347005
18347181
18347182
18349392
18368069
18377430
18380793
18407954
18408560
18408563
18408564
18408565
18417193
18424454
18425130
18429967
18430057
18433502
18435918
18438841
18443548
18443790
18452396
18460585
18466099
18466100
18467186
18474679
18483375
18484082
18496129
18509327
18511948
18520597
18528690
18535201
18537939
18538445
18542840
18542936
18544910
18565259
18570163
18574025
18580877
18589174
18594050
18594531
18597649
18600527
18600531
18615156
18617639
18618621
18629445
18637061
18641553
18641915
18654768
18657677
18662264
18662289
18664620
18685564
18687167
18687376
18690117
18693052
18698229
18703939
18713756
18722008
18727922
18728241
18751689
18769620
18779360
18780301
18781850
18781852
18781853
18784455
18794724
18794726
18797399
18797458
18797858
18806696
18810246
18812236
18821564
18823430
18831695
18834373
18836089
18836275
18839779
18851956
18855532
18926547
18971529
18981009
18981587
18982321
18987660
18989660
19000940
19005160
19010874
19016697
19016765
19018719
19027114
19031075
19033450
19034904
19037197
19052714
19056598
19057464
19065121
19067682
19074728
19077664
19088262
19094200
19095219
19119263
19124658
19125240
19129086
19129747
19133059
19142106
19143748
19148563
19150055
19151602
19159907
19166419
19177029
19183167
19193628
19193698
19205682
19205754
19207028
19207029
19218571
19225451
19228205
19228618
19236730
19238117
19240053
19258929
19259652
19259653
19268736
19272758
19273465
19274060
19274593
19277427
19279561
19280158
19286758
19289993
19290789
19297519
19299322
19300499
19302829
19327620
19331489
19343327
19345712
19350112
19357842
19361869
19364831
19365399
19365400
19365401
19369910
19371317
19373123
19374892
19387424
19387461
19387626
19395173
19395426
19396436
19404631
19414633
19414708
19429918
19433561
19440701
19444285
19451862
19451915
19455410
19468717
19474465
19480553
19481584
19496924
19500084
19504558
19514130
19523031
19531981
19542315
19545554
19545678
19552744
19560446
19567893
19578179
19581389
19582440
19590397
19593168
19604081
19605407
1960624
19606452
19620853
19628476
19628728
19635985
19636336
19638460
19659438
19661214
19663669
19669737
19679631
19683391
19684573
19684603
19692684
19692698
19694741
19704172
19710077
19733552
19738376
19740397
19745563
19749757
19749758
19752777
19755414
19770842
19784640
19785625
19794411
19794412
19802360
19818381
19825907
19827168
19841156
19842931
19846067
19846789
19855097
19858760
19859084
19865079
19875892
1988236
19890249
19891553
19893579
19898263
19902562
19904007
19907160
19916993
19921195
19926050
19926672
19933691
19934793
19937159
19940985
19946932
19997080
20002085
20003118
20016225
20020283
20028383
20029384
20031235
20031551
20038727
20038957
20040334
20040338
20041908
20054294
20060832
20064494
20072124
20078613
20078617
20079160
20089352
20091113
20110084
20116071
20118554
20124171
20125119
20125120
20128861
20133509
20140004
20141248
20143052
20153897
20157310
20165956
20168265
20171873
20175817
20176026
20194480
20195290
20196918
20200517
20203262
20207952
20220551
20223877
20226083
20231857
20235788
20237460
20300048
20305679
20307661
20309874
20332423
20338069
20339191
20339978
20346718
20348146
20348464
20352314
20368718
20375999
20376628
20376629
20383212
20385995
20386359
20386493
20389235
20390257
20393454
20393862
20399780
20403483
20415561
20415563
20417680
20421126
20434452
20441246
20441720
20442691
20452607
20472929
20473659
20479755
20488759
20523342
20530282
20531370
20559522
20559687
20562211
20565970
20568049
20578254
20580759
20584552
20585342
20585834
20590587
20592455
20595278
20615525
20619611
20621700
20622033
20625352
20633187
20637204
20643254
20648473
20653676
20662624
20664233
20665215
20665488
20669013
20670920
20673984
20680652
20682687
20694283
20709156
20716240
20720517
20724655
20728570
20804372
20809084
20812847
20814331
20818295
20818834
20823282
20829635
20830509
20831535
20833655
20833658
20833980
20837591
20838991
20841522
20854418
20859243
20860463
20863575
20872712
20877298
20881953
20886236
20921307
20921968
20929549
20931559
20932673
20952418
20959500
20962433
20964522
20970119
21038076
21047202
21047205
21048934
21052022
21054464
21057378
21057703
21063236
21072155
21075428
21083385
21083596
21084764
21094796
21094797
21102498
21103886
21107309
21107318
21109570
21110013
21110192
21111021
21112657
21112660
21118735
21121772
21121774
21127421
21127708
21128989
21145801
21148049
21151198
21157362
21167658
21173786
21174568
21174619
21174621
21178986
21186350
21188787
21192313
21192345
21195460
21205745
21206424
21209234
21223952
21225912
21228733
21233271
21239504
21241071
21246582
21254157
21262916
21263010
21270790
21273624
21273673
21273734
21280081
21288052
21288825
21311897
21319286
21320153
21321200
21326246
21326313
21331500
21332310
21332314
21332319
21338649
21346780
21358750
21358751
21359536
21360545
21361732
21362365
21366650
21383338
21383771
21384511
21387541
21390311
21391884
21392617
21392722
21393201
21395648
21398039
21404110
21430657
21436775
21437990
21441248
21447862
21449672
21449681
21449848
21451505
21451508
21466653
21479500
21480817
21480951
21494765
21498394
21503910
21505315
21507170
21512411
21513075
21519338
21521021
21528942
21535061
21537116
21543662
21544031
21550019
21558457
21561445
21566507
21572301
21576462
21576632
21589866
21590310
21590444
21593757
21596874
21597399
21599570
21602569
21606533
21614669
21615537
21625751
21632579
21635144
21635146
21635147
21636598
21642471
21642870
21644011
21652606
21654688
21658141
21666065
21671989
21677300
21688171
21689142
21692828
21698374
21709633
21711429
21716274
21725053
21733227
21734714
21739267
21739446
21741447
21743379
21745312
21747412
21747589
21753138
21768473
21769110
21770725
21779873
21781277
21781652
21782804
21790905
21803659
21803869
21806385
21806386
21806387
21811894
21819368
21830868
21831685
21837673
21839244
21840870
21842338
21844885
21851254
21860339
21886016
21887680
21892778
21896912
21902500
21902502
21903774
21907615
21911885
21915484
21916909
21919605
21922127
21930396
21931346
21931540
21933224
21934637
21940774
21946898
21947681
21956618
21958076
21961650
21962566
21975350
21981797
21987091
21987611
21989330
21995462
22006095
22006347
22010099
22024001
22026923
22040439
22044939
22045970
22047493
22047557
22048466
22057858
22064666
22074251
22075505
22075549
22076562
22083166
22094953
22101623
22105431
22106207
22111602
22111603
2211621
22120873
22122271
22123356
22129793
22130800
22147369
22149470
22153130
22158330
22158445
22170007
22172097
22183771
22186618
22188362
22189199
22192158
22192668
22217949
22230405
22248286
22249355
22252093
22256867
22260295
22266406
22271297
22274142
22277678
22281720
22285300
22292851
22293084
22294058
22301466
22304537
22307138
22309416
22310591
2231320
22324425
22328925
22329723
22331680
22331829
22339449
22349464
22354160
22368681
22369694
22370858
22371894
22379997
22383676
22390861
22394315
22406652
22414228
22417933
22418828
22422348
22426923
22428615
22428763
22436571
22440088
22441531
22450926
22453232
22455762
22457278
22462746
22462752
22462821
22469198
22471336
22471906
22480177
22480748
22481606
22484315
22486182
22486528
22490566
22495427
22510778
22515274
22527101
22528326
22534826
22535333
22538805
22541248
22549502
22551036
22562609
22566498
22571356
22574741
22584460
22585284
22590580
22591328
22591463
22594507
22594510
22625877
22629463
22630058
22641026
22648373
22660440
22676192
22676194
22686296
22695756
22700043
22704849
22706620
22706623
22718623
22722500
22725663
22733128
22735459
22749033
22751958
22760354
22760475
22761669
22763757
22765258
22786571
22792082
22795047
22798433
22821704
22838949
22838950
22840423
22842957
22851411
22854539
22855348
22871975
22871995
22875622
22875663
22882994
22885912
22886152
22889968
22893251
22901187
22907730
22907732
22909202
22911785
22920393
22920394
22925276
22926595
22926616
2293406
22935916
22940027
22941809
22942289
22947179
22947444
22948856
22949529
22950382
22951632
22955794
22960943
22960998
22965830
22981363
22986918
22990223
22990331
22992768
23001453
23007012
23007311
23007924
23029095
23052413
23057546
23059146
23061746
23069858
23071495
23073208
23073468
23077486
23083021
23087401
23090703
23092981
23095326
23097010
23099353
23100282
23104259
23107770
23116553
23119086
23126384
23127338
23127916
23131881
23142150
23142377
23146466
23146479
23147557
23148286
23149126
23149441
23149928
23150149
23158458
23159639
23159934
23166513
23172109
23173844
23175667
23183491
23183958
23198157
23204795
23208322
23215884
23215888
23221997
23223006
23230131
23233654
23233662
23240711
23241943
23252721
23252946
23252947
23254426
23257391
23263737
23263738
23266789
23272163
23278282
23281610
23299853
23302985
23305195
23313410
23313934
23315174
23323945
23327575
23332809
23335901
23337555
23353631
23354298
23358500
23360626
23364483
23371292
23371894
23372834
23374588
23375287
23381968
23383658
23384627
23394389
23394390
23399569
23400848
23400986
23417334
23422377
23423913
23426382
23428009
23431434
23433505
23435876
23438946
23444281
23459029
23469684
23473641
23476897
23481074
23490377
23494984
23503447
23505228
23510058
23510446
23510626
23521149
23537502
23543259
23555300
23556337
23556445
23557865
23557867
23559402
23559864
23562852
23567489
23567787
23570466
23571513
23580071
23580812
23584701
23588314
23588332
23588952
23590265
23592691
23599738
23602689
23609392
23609393
23612435
23613831
23619509
23623526
23628510
23633119
23640958
23645042
23646118
23649425
23651021
23651023
23651024
23652803
23656803
23658070
23665868
23666564
23666583
23674605
23682072
23686330
23688605
23691226
23697249
23706899
23712427
23712614
23726091
23729673
23730840
23733010
23733030
23734829
23738951
23753411
23757359
23763943
23773341
23774941
23787247
23797529
23799451
23803057
23807564
23809733
23816762
23831869
23834376
23835420
23837476
23837477
23840296
23842101
23846872
23849431
23856854
23859569
23859570
23859573
23860526
23863317
23876228
23886675
23894093
23898114
23900887
23909491
23922954
23926243
23940523
23940630
23941071
23942539
23944300
23949431
23953100
23959273
23959274
23963147
23965986
23970434
23974086
23981149
23990505
23990957
23991193
23992748
23996099
23996211
24014145
24019055
24019397
24019752
24024018
24024897
24024898
24026091
24029542
24030684
24033383
24033696
24034787
24035255
24036429
24038027
24048425
24052064
24059494
24061445
24061601
24062210
24066763
24070809
24073221
24081349
24088113
24088130
24089074
24090479
24096969
24102823
24117666
24118301
24120259
24123600
24126707
24128861
24134200
24142869
24143213
24145522
24148610
24152157
24154666
24167597
24189425
24192117
24192118
24192120
24192121
24192302
24192531
24193570
24205831
24214410
24217698
24223824
24224579
24224851
24230997
24231473
24232129
24236484
24238261
24240480
24251363
24253594
24256307
24257813
24269714
24274990
24279416
24279852
24280104
24293076
24293093
24299220
24300029
24300566
24300978
24305170
24307847
24316028
24322170
24322329
24329186
24329187
24330000
24338217
24342961
24345815
24346747
24350812
24351870
24352002
24360851
24361227
24365989
24367041
24369049
24378577
24382596
24383060
24383873
24386571
24394199
24402637
24403552
24404132
24407380
24420746
24422887
24433464
24435759
24438215
24442125
24444407
24444408
24446315
24448396
24461666
24469018
24474498
24475354
24477223
24492364
24495780
24497997
24504666
24508947
24513691
24521109
24521642
24522145
24525658
24526611
24528196
24530212
24533708
24551111
24554646
24566734
24567120
24577123
24583629
24589908
24589909
24595507
24597986
24598718
24601977
24602923
24615047
24619498
24624914
24628014
24633560
24637499
24643204
24643635
24655974
24656015
24658827
24663076
24667440
24668570
24673480
24684392
24685597
24702251
24703092
24704000
24706503
24709712
24710841
24712521
24717838
24718721
24723432
24724887
24727911
24728385
24729586
24729984
24732178
24739669
24747667
24748394
24751813
24752311
24759732
24763183
24766668
24768758
24776844
24809448
24815731
24820765
24820767
24827774
24828442
24831655
24836205
24852429
24853734
24858363
24858822
24868171
24874929
24889923
24891132
24898899
24906949
24907224
24908438
24909733
24910925
24927344
24927955
24929144
24950369
24951635
24956244
24956252
24956253
24958282
24958824
24967362
24968714
24968986
24973281
24978393
24980946
24996381
24997317
25001883
25002132
25008027
25025378
25025989
25026456
25026457
25039301
25040563
25042728
25042870
25047911
25048416
25049040
25049054
25051018
25054547
25056761
25060201
25064769
25069034
25069475
25075423
25079360
25080450
25081908
25084200
25084201
25084205
25089947
25090458
25091503
25093390
25096017
25096692
25098908
25102313
25108385
25108775
25115353
25120580
25126975
25141893
25141896
25143324
25145599
25150845
25154506
25155930
25155931
25155932
25155934
25156213
25162219
25163792
25171465
25171759
25177243
25179995
25185591
25187485
25188725
25192553
25201288
25209194
25210463
25215437
25223561
25224784
25229170
25232828
25239082
25239277
25239468
25240575
25241292
25245580
25258374
25266159
25266679
25271728
25274942
25278709
25279405
25279974
25285015
25286744
25287072
25290263
25295552
25303293
25303294
25303296
25303299
25303300
25306451
25310192
25311255
25311995
25312789
25322286
25323806
25327507
25329996
25339146
25340733
25344452
25346426
25348609
25348619
25350695
25356900
25361850
25365528
25367448
25372290
25372392
25376930
25379722
25381393
25385345
25389973
25393304
25395315
25403995
25403996
25405601
25406899
25408262
25410894
25411163
25412950
25422735
25427841
25430046
25441457
25446771
25451051
25456329
25458099
25461246
25461247
25461249
25472448
25473543
25487141
25492374
25493567
25493569
25495409
25495411
25499099
25501988
25510856
25515134
25515945
25519826
25521355
25529343
25532715
25536375
25537528
25542807
25545243
25548683
25554506
25556837
25558073
25560051
25560469
25563748
25564374
25565672
25565674
25567217
25582575
25587129
25588294
25588704
25594874
25594941
25597548
25602530
25611810
25614061
25615449
25616159
25618758
25621429
25622064
25622599
25624441
25630984
25638254
25642918
25645282
25649181
25652102
25658497
25665511
25669165
25673014
25673568
25676789
25677447
25679126
25681132
25682022
25685741
25695618
25698453
25701374
25702819
25704243
25705565
25710119
25712182
25712183
25712185
25712187
25712887
25714002
25715171
25722197
25730298
25730470
25734178
25738571
25748439
25751398
25752520
25752914
25755212
25760804
25769643
25774163
25778465
25778466
25785276
25793413
25794200
25801567
25802725
25805645
25817604
25823782
25823783
25823785
25825958
25831219
25834322
25834819
25836994
25846690
25846845
25850964
25852275
25860945
25868121
25869250
25872459
25881752
25882300
25889207
25891233
25893704
25894154
25896535
25897834
25907378
25911999
25916517
25918834
25919042
25919112
25919528
25920679
25921178
25930089
25932441
25935875
25937240
25939711
25943212
25944848
25948472
25950190
25953735
25955730
25958342
25963335
25966085
25967538
25974723
25976223
25981758
25986028
25989180
25989350
25991051
25991289
25994031
25995169
25998968
25999694
25999707
26002049
26003758
26004431
26010205
26010901
26020121
26024717
26024874
26030142
26032235
26033044
26033531
26039043
26042510
26049408
26049585
26067485
26070913
26071206
26071277
26071279
26072396
26075078
26075959
26076924
26083242
26083990
26086348
26086825
26098993
26100253
26106580
26107645
26107754
26109805
26111149
26111150
26114223
26122019
26122864
26125586
26129906
26132489
26135562
26137539
26138512
26141406
26142345
26147768
26151596
26153084
26158282
26162609
26164721
26167726
26174719
26176181
26177012
26180834
26184414
26186989
26189437
26189776
26191232
26191294
26191484
26192892
26194361
26195225
26196596
26211952
26213157
26214065
26216193
26216687
26219158
26222310
26223945
26227094
26228923
26232141
26232156
26239045
26239729
26242222
26244421
26244574
26244882
26249541
26254792
26257249
26261165
26262902
26264253
26265036
26265231
26265346
26271661
26282453
26284539
26293616
26306225
26307125
26307969
26307985
26313268
26313485
26313487
26314341
26316040
26320194
26324139
26325438
26331942
26332308
26334272
26334898
26335396
26339796
26343256
26348712
26360837
26362473
26367500
26371285
26373210
26387494
26389554
26392323
26401715
26405151
26407342
26407542
26408409
26411831
26415694
26419450
26421491
26425837
26426211
26426212
26426352
26433837
26437921
26439641
26441325
26445138
26445541
26450467
26453102
26456622
26458301
26461463
26463708
26466344
26469104
26474553
26490356
26491254
26502740
26503813
26503815
26513304
26514968
26518936
26518946
26521259
26521987
26524290
26524713
26526111
26543771
26555147
26556041
26556524
26556583
26556688
26558451
26566055
26568242
26580670
26590936
26595166
26615671
26615857
26616421
26616742
26622455
26633805
26634478
26635230
26637161
26644205
26651826
26653034
26655325
26659468
26660002
26664259
26666695
26667830
26670100
26696550
26704739
26705892
26710337
26712426
26714287
26729200
26729753
26730167
26739304
26739746
26744986
26745506
26745768
26751406
26757307
26762380
26766959
26770526
26771271
26773420
26774055
26774523
26774659
26775563
26777610
26779253
26780119
26780210
26780783
26781925
26784512
26788534
26790665
26792652
26799162
26799664
26803611
26804652
26806518
26809022
26810133
26810134
26810137
26823971
26825765
26829596
26830411
26831894
26833182
26846104
26847054
26847964
26856397
26856709
26857559
26861072
26862009
26866747
26873108
26876050
26877068
26878724
26882121
26888075
26891871
26892777
26894931
26895070
26898617
26902034
26902503
26902539
26902643
26903268
26905411
26915813
26915847
26916827
26924289
26926096
26927285
26930544
26932749
26944100
26951882
26952092
26961113
26967570
26968770
26975227
26977146
26984978
26990259
26990694
26996562
27001118
27001119
27007499
27010727
27020477
27021566
27023264
27023460
27027462
27031121
27035242
27035272
27035618
27043265
27044681
27045425
27045730
27046326
27052877
27056297
27073641
27082504
27091189
27091191
27092952
27095468
27096233
27096250
27098059
27099220
27104192
27110018
27110128
27115882
27116457
27121899
27138785
27139004
27142945
27143031
27150640
27158673
27160388
27168100
27173875
27179628
27180831
27182616
27187662
27190009
27193222
27193993
27195527
27217047
27217051
27225724
27226358
27233747
27236640
27241063
27248474
27249660
27253829
27261537
27262302
27262824
27266721
27270784
27271184
27282261
27284701
27286724
27287786
27288795
27298017
27299708
27314545
27320564
27333947
27334259
27335128
27336732
27338075
27339827
27348249
27348478
27353638
27356304
27377607
27377818
27385990
27386433
27388292
27396837
27403931
27406852
27409003
27415606
27416873
27417511
27418594
27419077
27422302
27426203
27432796
27439447
27445478
27453700
27456824
27482244
27484880
27485537
27488176
27488389
27490376
27498543
27500523
27500822
27503662
27507617
27511999
27520898
27523435
27527610
27528039
27541716
27546373
27549341
27557342
27564082
27564568
27566582
27566695
27567841
27577869
27587472
27599351
27610747
27611887
27617219
27622933
27624150
27636246
27648687
27649261
27649267
27653228
27655857
27660918
27661060
27665849
27670765
27670766
27673605
27676277
27676404
27694910
27695358
27698403
27702941
27707539
27717793
27729204
27738808
27740732
27747906
27758888
27763679
27767389
27771748
27773592
27779248
27780742
27785604
27793583
27798726
27799217
27800629
27802415
27804107
27805836
27809336
27812499
27816260
27825374
27845419
27846195
27858848
27859023
27864660
27878474
27883323
27885697
27885916
27893182
27897268
27897269
27898234
27900402
27911795
27918244
27932669
27937048
27937053
27938396
27958380
27958381
27966227
27967318
27977332
27977334
27977511
27981573
27987364
27991849
27992285
27992301
27995989
28002447
28004016
28006928
28025020
28030534
28044353
28045923
28049362
28049954
28050888
28063968
28068779
28079798
28084894
28087982
28088792
28094348
28099407
28107378
28112181
28115488
28117133
28121959
28134748
28135009
28135054
28135763
28139755
28145050
28146264
28154789
28160554
28165634
28171547
28178031
28181117
28181240
28181923
28184434
28187506
28207573
28209466
28210634
28212683
28222112
28229376
28244604
28244805
28244808
28245187
28246425
28256933
28261502
28262345
28273335
28283692
28289864
28289867
28290528
28290770
28296334
28302415
28306618
28314991
28316087
28322941
28324194
28325531
28330783
28331852
28332719
28339166
28340122
28342282
28343093
28346059
28346387
28350522
28356835
28358597
28358842
28358908
28367249
28367681
28371569
28373444
28376280
28379874
28380657
28382498
28383355
28383427
28388599
28389049
28401703
28409297
28418009
28418010
28419121
28429387
28430710
28430711
28435225
28435308
28437488
28440343
28444425
28445187
28453780
28461697
28462920
28470111
28470127
28480819
28481785
28482130
28485375
28488026
28493308
28512430
28525903
28535629
28540692
28548579
28550460
28562428
28591085
28592191
28594304
28603840
28604474
28605053
28606620
28609430
28611235
28611364
28614176
28614221
28620303
28622951
28624668
28624888
28627776
28627804
28628560
28639471
28639487
28639493
28659275
28663312
28664816
28673279
28673292
28676933
28678049
28685396
28685643
28685716
28686080
28686294
28689179
28692418
28692529
28694205
28696411
28696414
28696415
28696418
28704257
28711222
28718515
28719596
28719598
28723731
28726812
28727815
28732143
28736028
28740425
28743242
28745555
28745577
28750151
28753467
28763744
28769582
28775293
28777242
28786228
28791698
28796378
28816644
28820077
28833323
28833329
28834135
28834922
28836054
28837897
28853295
28858994
28871191
28877533
28886044
28914344
28921760
28923870
28930490
28932176
28933337
28940478
28941036
28945481
28947035
28947383
28947469
28951782
28952408
28960269
28973620
28976264
28986606
28992386
28992563
29018343
29024493
29026840
29027195
29039339
29043387
29048184
29054760
29061081
29061086
29066864
29073750
29080719
29087970
29095108
29097388
29099333
29099344
29099735
29113387
29117017
29121268
29126871
29134491
29135906
29136336
29148033
29160300
29160302
29161757
29162334
29173032
29177570
29178257
29192552
29196725
29196917
29198060
29201113
29206869
29207898
29207912
29210320
29210323
29229354
29230023
29234073
29243113
29250329
29252193
29256966
29259946
29265379
29279204
29279557
29282363
29285995
29295555
29298995
29306656
29315502
29317847
29318894
29318930
29325225
29325448
29326107
29327948
29327975
29333880
29341237
29341245
29342288
29343979
29352482
29369421
29374517
29375701
29377228
29382897
29389842
29393157
29393850
29407288
29427770
29432897
29436156
29441875
29441922
29442027
29450233
29451946
29454235
29457840
29469606
29469964
29474345
29478026
29479633
29488276
29497164
29502154
29502940
29509491
29517409
29520080
29520081
29524157
29525816
29535109
29536505
29539600
29540324
29547545
29550576
29555325
29568565
29575099
29578580
29580174
29589488
29601950
29603629
29607533
29611886
29615122
29621122
29621993
29624706
29637588
29650764
29650774
29653637
29662106
29666375
29681852
29682213
29683944
29691732
29695967
29706892
29720126
29723426
29723928
29731062
29733390
29735966
29738412
29743634
29748862
29748863
29755652
29756345
29781049
29790402
29790415
29791011
29791014
29804290
29843110
29852030
29855074
29867468
29873816
29875668
29878980
29882324
29894392
29911750
29914286
29914345
29920880
29923122
29925376
29925895
29926893
29935043
29935595
29938344
29947950
29950617
29953682
29967027
29967377
29975559
29986700
29992026
29998574
30016335
30024814
30031856
30032160
30038671
30051214
30061570
30071039
30075559
30088221
30088438
30094551
30100615
30106255
30106258
30135031
30136624
30181602
30192390
30197492
30207196
30211780
30237584
30251062
30256423
30260084
30281924
30289819
30300922
30304062
30318772
30323313
30324302
30325732
30334909
30336686
30345879
30363031
30366640
30367352
30368523
30371861
30381583
30420869
30425908
30455395
30457672
30487649
30506689
30518301
30520341
30520759
30528195
30544975
30549267
30562214
30569848
30578947
30604050
30628914
30647443
30648747
30651574
30652301
30653146
30653751
30672383
30672385
30700996
30704156
30704436
30706508
30713339
30723321
30730287
30745309
30762755
30767719
30779340
30786012
30799432
30815689
30815856
30821933
30829738
30840592
30848065
30870237
30870275
30874608
30883264
30886581
30906561
30907440
30908574
30920410
30922102
30924126
30967597
30969062
30971809
30983501
30983536
30983549
30987408
30989645
30992538
31002879
31014225
31022310
31033190
31043678
31055022
31058543
31058715
31066578
31087723
31090079
31099054
31107373
31114289
31124411
31124417
31134657
31141989
31160146
31190621
31192912
31201901
31206155
31250045
31250727
31257615
31269327
31320226
31324945
31327267
31337162
31346154
31350855
31393228
31395958
31401678
31402421
31406237
31423876
31444512
31461080
31482508
31486735
31490856
31493434
31513279
31549442
31557306
31562781
31588879
31594719
31599092
31607718
31611591
31616047
31624332
31624333
31628422
31636356
31649263
31649299
31653973
31721892
31728800
31738228
31744222
31755291
31769341
31773688
31792371
31796940
31806881
31806882
31846553
31849280
318493
31854268
31857620
31866536
31869433
31870219
31901240
31902949
31907389
31932420
31932875
31940240
31957548
31959879
31961981
31967515
31969823
31981411
32011683
32015456
32020635
32022294
32073889
32082176
32090339
32095466
32106141
32112986
32123296
32128760
32134726
32173978
32208328
32209837
32256718
32295690
32302325
32308125
32308134
32331352
32344532
32361904
32365274
32367114
32371615
32373204
32401749
32407152
32432768
32438452
32448869
32457604
32459054
32461666
32462699
32475982
32481444
32483200
32498119
32500578
32519344
32538291
32555152
32555608
32559325
32559398
32564268
32602170
32606912
32612964
32695297
32701512
32723321
32731218
32733111
32736537
32787509
32795354
32800527
32813313
32815870
32838647
32843687
32848803
32874001
32893730
32893731
32920647
32920985
32986886
32994732
33000414
33001556
33013391
33030089
33047329
33061533
33094665
33097827
33118660
33124053
33124499
33124517
33127459
33131142
33141308
33143542
33165168
33190395
33203295
33203301
33205280
33230203
33236485
33247397
33277605
33350885
3335642
33378980
33404848
33410778
33452682
33454797
33476460
33501733
33512723
33548906
3356084
33586456
33589792
33608663
33622083
33649516
33649523
33675323
33676726
33731884
33731885
33750887
33759177
33799050
33805706
33812699
33829662
33850298
33851947
33858192
33887993
33915198
33944612
33953123
33967795
33977649
34025422
34081644
34096894
34100292
34160285
34173968
34231053
34231218
34234136
34246203
34295246
34302046
34302059
34320604
34320607
34328221
34369424
34380995
34380996
34406845
34412101
34423496
34461232
34464454
34476566
34476898
34480108
34482033
34488071
34489188
34491372
34504302
34512354
34512362
34520119
34523245
34523354
34529545
34529603
34531744
34541364
34545025
34568359
34575187
34583027
34585840
34599645
34635730
34656068
34680127
34683865
34689504
34719653
34721043
34747629
34752647
34843922
34877660
34910759
34965002
34983973
34986431
34990262
35079845
35081606
35102242
35105285
35107877
35108398
35110472
35115810
35135554
35144161
35214132
35235559
35253216
35259926
35272420
35279143
35280252
35303539
35311356
35316848
35335877
35335997
35394133
35426132
35431360
35434830
35446233
35453646
35457347
35508605
35527244
35538637
35608144
35620290
35658244
35668575
35697190
35698907
35703273
35705023
3571939
35799642
35852913
35852914
35853541
35873555
35878676
35880564
35884569
35947050
35968761
35971863
35997001
36015253
36029108
36110554
36118414
36134646
36145690
36152308
36162369
36169235
36172660
36186466
36193736
36210801
3621781
36222113
36229649
36246675
36250837
36253887
36256705
36266537
36278153
36278195
36292717
36297437
36303140
36305091
36309848
36333412
36350097
36361964
36373739
36394393
36408735
36484758
36528349
36569923
36580432
36581799
36606188
36613935
36614097
36622792
36624463
36627267
36662574
36681895
36708557
36714653
36718958
36739459
36741090
36742186
36764694
36766510
36773010
36789833
36806969
36817149
36818341
36836506
36851891
36853844
36873097
36877088
36938952
36951964
36988399
37042314
37042388
37061107
37078251
37097441
37098851
37098852
37101315
37108150
37109042
37114884
37141338
37146669
37149714
37159804
37176129
37202871
37203300
37212851
37248698
37266339
37269349
37270865
37272562
37273173
37306344
37307170
37318060
37331863
37332933
37337448
37340142
37340713
37342387
37353859
37372371
37420302
37438870
37449247
37451178
37454203
37456358
37458772
37458773
37460671
37460702
37493972
37500985
37509727
37511720
37542618
37551646
37553950
37555408
37564175
37569738
37574850
37596839
37610885
37611146
37615099
37626805
37638833
37639712
37656138
37678026
37688505
37693312
3769385
37695751
37702085
37706370
37709837
37728834
37734262
37755681
37760947
37763115
37763120
37765034
37772804
37775332
37803948
37810546
37817654
37820941
37824400
37829781
37845416
37850738
37851084
37855290
37858371
37864290
37880658
37882999
37894954
37906625
37920361
37925536
37940132
37947089
37962984
37976989
37993281
38001504
38004402
38004558
38009933
38041757
38050720
38059315
38071464
38071832
38085693
38124280
38126330
38133857
38140040
38140786
38156857
38158593
3816019
38171911
38172377
38174147
38192190
38200532
38203360
38221808
38232251
38254988
38262522
38270743
38284409
38287840
38287884
38289893
38293288
38293439
38310750
38311638
38312123
38315168
38321419
38327217
38341456
38357508
38360955
38369687
38372728
38377518
38377520
38380703
38381003
38381330
38385986
38421437
38443268
38445694
38450253
38453649
38467432
38470454
38474016
38479169
38485815
38491961
38493369
38497347
38502357
38504095
38507115
38507296
38514707
38517706
38519421
38525959
38540209
38540428
38543282
38551694
38553322
38560574
38562167
38572689
38576571
38579568
38580563
38584604
38589850
38598106
38610733
38612496
38614858
38629502
38636352
38637522
38637968
38640718
38647526
38654529
38661209
38669362
38669948
38674283
38674430
38682317
38682355
38683649
38685044
38693155
38706338
38713940
38714384
38714580
38720595
38728170
38747453
38752093
38756645
38765788
38765922
38772712
38773528
38776596
38778126
38791422
38809387
38821204
38826804
38835664
38837984
38852696
38852760
38859656
38886107
38896022
38925553
38927668
38934229
38958362
38963454
38980270
38990762
38993001
38994198
38994750
38996572
38999967
39005567
39011438
39011815
39012380
39014868
39024362
39025838
39025933
39030549
39038621
39041443
39048464
39054222
39055374
39069949
39071983
39081053
39084859
39093709
39101384
39107874
39115847
39131200
39135792
39139076
39147616
39152554
39159789
39171428
39171589
39179559
39182670
39201627
39204422
39212958
39214396
39237024
39240338
39253879
39272186
39300676
39314259
39319218
39338398
39344086
39350313
39356102
39375343
39380207
39382000
39390741
39407134
39410605
39426598
39432161
39441506
39453028
39456782
39457109
39459499
39462036
39465171
39468580
39477313
39484171
39488825
39490424
39492517
39492848
39522115
39523378
39535282
39539273
39539630
39542691
39555806
39563600
39564784
39578425
39580648
39611166
39612420
39617342
39626927
39643544
39658609
39660002
39667604
39668580
39688234
39704240
39711059
39714624
39717930
39718059
39720462
39720770
39727500
39730940
39738991
39752799
39754510
39771563
39774699
39789135
39792745
39796117
39799793
39846525
39850575
39858006
39884809
39891427
39896937
39898620
39901718
39920787
39928707
39940086
39954158
39960813
39974498
39995492
40001258
40001447
40004467
40005966
40014467
40016980
40029062
40048458
40050768
40054571
40055599
40066084
40071563
40080971
40098302
40114953
40135234
40137409
40142989
40146606
40152645
40157325
40159410
40176889
40178659
40183079
40185984
40195278
40223939
40239986
40248396
40257143
40261922
40268505
40290439
40296506
40297930
40313598
40315028
40324568
40328918
40341589
40341591
40346857
40350722
40362255
40365305
40369345
40369478
40371326
40379961
40402555
40413606
40421567
40422899
40424646
40432883
40457359
40470653
40511772
40512603
40513807
40526024
40529360
40554316
40560810
40564219
40564659
40573298
40583882
40588615
40598106
40604035
40613206
40616336
40623366
40625301
40630969
40644802
40645349
40655132
40657553
40662362
40665658
40670336
40672687
40689604
40692597
40694104
40695081
40704440
40708595
40711648
40712111
40733022
40740505
40744310
40744734
40748991
40761401
40769841
40779463
40781498
40810118
40816377
4082245
40834135
40840956
40851704
40853585
40863448
40875702
40883875
40884146
40908865
40910489
40917024
40932846
40936106
40939752
40958434
40958617
40959922
40962832
40964095
40964718
40971654
40983806
40985517
41001332
41007658
41011233
41052036
41054698
41057866
41077737
41106572
41126293
41136382
41153516
41155512
41168950
41187610
41190631
41198911
41200574
41241150
41253930
41256737
41259730
41295213
41304835
41304862
41304863
41325898
41328687
41339584
41343619
41388917
41399021
41431155
41432755
41451876
41472487
41478610
41485482
41486946
41496868
41501986
41553485
41554112
41560413
41567292
41568406
41590876
41595648
41599148
41606811
41633578
41664353
41678828
41693382
41713946
41749399
41754751
41759239
41766350
41774388
41786984
41791456
41794841
41818096
41820792
41821195
41845570
41847141
41849095
41861156
41862488
41871565
41906117
41908817
41918264
41925081
41932892
41935281
41947660
41948716
41949056
41949256
41961764
41964137
41967124
41968188
41989453
41997888
42007248
42011099
42024385
42031461
42053037
42058494
42086550
42094211
42110547
42115785
42125486
42142189
42142508
42145189
42166662
42168754
42184267
42195218
42198385
42199863
42212460
42265358
42278241
42303966
42319470
42337190
42353876
445966
5026380
6111662
7159207
7259927
7284051
7298112
7408395
7438695
7471604
7550367
7586928
7640149
7640151
7648764
7654478
7693389
7845481
7903454
7935325
7964939
7965806
7969038
8004131
8018461
8093319
8101460
8148222
8181196
8195181
8257179
8287064
8451774
8530011
8538349
8554938
8563771
8612387
8648264
8653995
8655150
8675169
8681489
8689810
8728305
8742444
8747407
8806248
8807669
8823231
8823236
8835703
8941024
8946471
8946657
8952600
8971426
8986921
8988068
9014200
9014204
9049581
9069453
9103550
9164419
9241659
9272410
9284848
9316174
9322235
9352580
9357098
9357389
9408809
9409631
9431830
9433390
9435198
9476037
9510461
9511177
9517369
9551410
9562213
9578184
9585799
9595868
9630826
9661139
9726242
9732415
9797795
9797796
9827545
9829356
9857976
9858029
9867757
9869506
9918131
9918137
9951426
